(
(0.00 0.0000966934)
(0.01 0.0000977048)
(0.02 0.0001051713)
(0.03 0.0001237994)
(0.04 0.0001545695)
(0.05 0.0001942527)
(0.06 0.0002361419)
(0.07 0.0002717979)
(0.08 0.0002933188)
(0.09 0.0002954956)
(0.10 0.0002772462)
(0.11 0.0002419225)
(0.12 0.0001964015)
(0.13 0.0001492152)
(0.14 0.0001082427)
(0.15 0.0000786132)
(0.16 0.0000614164)
(0.17 0.0000535957)
(0.18 0.0000492254)
(0.19 0.0000448146)
(0.20 0.0000405125)
(0.21 0.0000368159)
(0.22 0.0000342655)
(0.23 0.0000332231)
(0.24 0.0000337053)
(0.25 0.0000353828)
(0.26 0.0000377467)
(0.27 0.0000403307)
(0.28 0.0000428598)
(0.29 0.0000452697)
(0.30 0.0000476325)
(0.31 0.0000500605)
(0.32 0.0000526420)
(0.33 0.0000554187)
(0.34 0.0000583911)
(0.35 0.0000615323)
(0.36 0.0000648008)
(0.37 0.0000681475)
(0.38 0.0000715206)
(0.39 0.0000748670)
(0.40 0.0000781341)
(0.41 0.0000812702)
(0.42 0.0000842260)
(0.43 0.0000869549)
(0.44 0.0000894137)
(0.45 0.0000915637)
(0.46 0.0000933711)
(0.47 0.0000948072)
(0.48 0.0000958496)
(0.49 0.0000964816)
(0.50 0.0000966934)
(0.51 0.0000977048)
(0.52 0.0001051713)
(0.53 0.0001237994)
(0.54 0.0001545695)
(0.55 0.0001942527)
(0.56 0.0002361419)
(0.57 0.0002717979)
(0.58 0.0002933188)
(0.59 0.0002954956)
(0.60 0.0002772462)
(0.61 0.0002419225)
(0.62 0.0001964015)
(0.63 0.0001492152)
(0.64 0.0001082427)
(0.65 0.0000786132)
(0.66 0.0000614164)
(0.67 0.0000535957)
(0.68 0.0000492254)
(0.69 0.0000448146)
(0.70 0.0000405125)
(0.71 0.0000368159)
(0.72 0.0000342655)
(0.73 0.0000332231)
(0.74 0.0000337053)
(0.75 0.0000353828)
(0.76 0.0000377467)
(0.77 0.0000403307)
(0.78 0.0000428598)
(0.79 0.0000452697)
(0.80 0.0000476325)
(0.81 0.0000500605)
(0.82 0.0000526420)
(0.83 0.0000554187)
(0.84 0.0000583911)
(0.85 0.0000615323)
(0.86 0.0000648008)
(0.87 0.0000681475)
(0.88 0.0000715206)
(0.89 0.0000748670)
(0.90 0.0000781341)
(0.91 0.0000812702)
(0.92 0.0000842260)
(0.93 0.0000869549)
(0.94 0.0000894137)
(0.95 0.0000915637)
(0.96 0.0000933711)
(0.97 0.0000948072)
(0.98 0.0000958496)
(0.99 0.0000964816)
(1.00 0.0000966934)
(1.01 0.0000977048)
(1.02 0.0001051713)
(1.03 0.0001237994)
(1.04 0.0001545695)
(1.05 0.0001942527)
(1.06 0.0002361419)
(1.07 0.0002717979)
(1.08 0.0002933188)
(1.09 0.0002954956)
(1.10 0.0002772462)
(1.11 0.0002419225)
(1.12 0.0001964015)
(1.13 0.0001492152)
(1.14 0.0001082427)
(1.15 0.0000786132)
(1.16 0.0000614164)
(1.17 0.0000535957)
(1.18 0.0000492254)
(1.19 0.0000448146)
(1.20 0.0000405125)
(1.21 0.0000368159)
(1.22 0.0000342655)
(1.23 0.0000332231)
(1.24 0.0000337053)
(1.25 0.0000353828)
(1.26 0.0000377467)
(1.27 0.0000403307)
(1.28 0.0000428598)
(1.29 0.0000452697)
(1.30 0.0000476325)
(1.31 0.0000500605)
(1.32 0.0000526420)
(1.33 0.0000554187)
(1.34 0.0000583911)
(1.35 0.0000615323)
(1.36 0.0000648008)
(1.37 0.0000681475)
(1.38 0.0000715206)
(1.39 0.0000748670)
(1.40 0.0000781341)
(1.41 0.0000812702)
(1.42 0.0000842260)
(1.43 0.0000869549)
(1.44 0.0000894137)
(1.45 0.0000915637)
(1.46 0.0000933711)
(1.47 0.0000948072)
(1.48 0.0000958496)
(1.49 0.0000964816)
(1.50 0.0000966934)
(1.51 0.0000977048)
(1.52 0.0001051713)
(1.53 0.0001237994)
(1.54 0.0001545695)
(1.55 0.0001942527)
(1.56 0.0002361419)
(1.57 0.0002717979)
(1.58 0.0002933188)
(1.59 0.0002954956)
(1.60 0.0002772462)
(1.61 0.0002419225)
(1.62 0.0001964015)
(1.63 0.0001492152)
(1.64 0.0001082427)
(1.65 0.0000786132)
(1.66 0.0000614164)
(1.67 0.0000535957)
(1.68 0.0000492254)
(1.69 0.0000448146)
(1.70 0.0000405125)
(1.71 0.0000368159)
(1.72 0.0000342655)
(1.73 0.0000332231)
(1.74 0.0000337053)
(1.75 0.0000353828)
(1.76 0.0000377467)
(1.77 0.0000403307)
(1.78 0.0000428598)
(1.79 0.0000452697)
(1.80 0.0000476325)
(1.81 0.0000500605)
(1.82 0.0000526420)
(1.83 0.0000554187)
(1.84 0.0000583911)
(1.85 0.0000615323)
(1.86 0.0000648008)
(1.87 0.0000681475)
(1.88 0.0000715206)
(1.89 0.0000748670)
(1.90 0.0000781341)
(1.91 0.0000812702)
(1.92 0.0000842260)
(1.93 0.0000869549)
(1.94 0.0000894137)
(1.95 0.0000915637)
(1.96 0.0000933711)
(1.97 0.0000948072)
(1.98 0.0000958496)
(1.99 0.0000964816)
(2.00 0.0000966934)
)
